16
18
90
12
10
8
9
9
10
10
10
9
8
56
17
18
25
13
20
72
62
21
42
30
19
10
14
44
45
50
43
48
14
68
17
38
34
22
24
32
79
22
60
31
21
22
34
82
19
21
35
23
50
24
36
26
13
18
22
20
10
36
48
29
21
20
48
53
11
53
26
53
13
21
42
76
17
19
10
14
11
16
41
13
39
24
41
21
48
18
13
45
19
47
11
89
32
15
58
24
48
13
45
14
39
17
88
17
14
19
36
14
26
33
82
57
55
34
38
87
34
78
60
34
13
19
28
38
68
73
10
19
62
44
39
13
33
32
18
95
35
22
9
23
21
11
10
9
9
3
5
6
6
6
6
7
7
7
7
7
7
7
8
8
8
8
8
8
8
8
8
8
8
8
8
8
8
8
8
8
8
8
8
8
8
8
8
8
8
9
9
9
9
9
9
9
9
9
9
9
9
9
9
9
9
9
9
9
9
9
9
9
9
9
9
9
9
9
9
9
9
9
9
9
9
9
9
9
9
9
9
9
9
9
9
9
9
9
9
9
9
9
9
9
9
9
9
9
9
9
9
9
9
9
9
9
9
9
9
9
9
9
9
9
9
9
9
9
9
9
9
9
9
8
8
8
8
8
8
8
8
8
8
8
8
8
8
8
8
8
8
8
8
8
8
8
8
8
8
8
8
8
8
8
8
8
8
8
8
8
8
8
8
8
8
8
8
8
8
8
8
8
8
8
8
8
8
8
8
8
8
8
8
8
8
7
7
7
7
7
7
7
7
7
7
7
7
7
7
7
7
7
7
7
7
7
7
7
7
7
6
6
6
6
6
6
6
6
6
6
6
6
5
5
5
5
5
5
4
4
4
3
0
4
3
5
6
6
6
7
7
7
7
8
8
8
8
8
8
8
9
9
9
9
9
9
9
9
9
9
9
9
10
10
10
10
10
10
10
10
10
10
9
9
9
7
16
20
40
44
35
9
68
10
10
4
6
9
10
10
20
36
36
