1.4725
1.4734
1.4739
1.4775
1.4782
1.4788
1.4789
1.479
1.4791
1.4792
1.4793
1.4794
1.4795
1.4816
1.4817
1.4818
1.482
1.4827
1.4832
1.4837
1.4839
1.4841
1.4843
1.4847
1.4849
1.4855
1.4863
1.4866
1.4872
1.4875
1.4876
1.4877
1.4878
1.4879
1.4881
1.4885
1.4887
1.4895
1.4897
1.4902
1.4903
1.4904
1.4907
1.4924
1.4926
1.493
1.4932
1.4935
1.4943
1.4945
1.4946
1.495
1.4953
1.4957
1.4962
1.4967
1.4973
1.4977
1.4978
1.4988
1.499
1.4999
1.5007
1.5008
1.5011
1.5013
1.5015
1.5018
1.5027
1.5036
1.5039
1.5042
1.5047
1.505
1.5053
1.5054
1.5072
1.5075
1.5079
1.5084
1.5086
1.5093
1.5094
1.5096
1.51
1.5103
1.5105
1.5107
1.5112
1.5115
1.5117
1.5118
1.512
1.5124
1.5131
1.5144
1.5145
1.5151
1.5152
1.5155
1.5156
1.5161
1.5163
1.5165
1.5167
1.5183
1.5184
1.5186
1.5191
1.5199
1.5201
1.5205
1.5208
1.5214
1.5218
1.5219
1.5224
1.5241
1.5251
1.5255
1.5256
1.5258
1.5262
1.527
1.5273
1.5274
1.5281
1.5292
1.5296
1.53
1.5305
1.5307
1.531
1.532
1.5329
1.5336
1.5343
1.5349
1.5361
1.5362
1.5369
1.5372
1.5375
1.5378
1.5428
1.5429
1.543
1.5431
1.5474
1.5475
1.5476
1.5477
1.5478
1.5479
1.548
1.5481
1.5482
1.5483
1.5484
1.5485
1.5486
1.5487
1.5488
1.5489
1.549
1.5491
1.5492
1.5493
1.5494
1.5495
1.5496
1.5497
1.5498
1.5499
1.55
1.5501
1.5502
1.5503
1.5504
1.5505
1.5506
1.5507
1.5508
1.5509
1.551
1.5511
1.5512
1.5513
1.5514
1.5515
1.5516
1.5517
1.5518
1.5519
1.552
1.5521
1.5522
1.5523
1.5524
1.5525
1.5526
1.5527
1.5528
1.5529
1.553
1.5531
1.5532
1.5533
1.5534
1.5535
1.5536
1.5537
1.5538
1.5539
1.554
1.5541
1.5542
1.5543
1.5544
1.5545
1.5546
1.5547
1.5548
1.5549
1.555
1.5551
1.5552
1.5553
1.5554
1.5555
1.5556
1.5557
1.5558
1.5559
1.556
1.5561
1.5562
1.5563
1.5564
1.5565
1.5566
1.5567
1.5568
1.5569
1.557
1.5571
1.5572
1.5573
1.5574
1.5575
1.5576
1.5577
1.5578
1.5579
1.558
1.5581
1.5582
1.5583
1.5584
1.5585
1.5586
1.5587
1.5588
1.5589
1.559
1.5591
1.5592
1.5593
1.5594
1.5595
1.5596
1.5597
1.5598
1.5599
1.56
1.5601
1.5602
1.5603
1.5604
1.5605
1.5606
1.5607
1.5608
1.5609
1.561
1.5611
1.5612
1.5613
1.5614
1.5615
1.5616
1.5617
1.5618
1.5619
1.562
1.5621
1.5622
1.5623
1.5624
1.5625
1.5626
1.5627
1.5628
1.5629
1.563
1.5631
1.5632
1.5633
1.5634
1.5635
1.5636
1.5637
1.5638
1.5639
1.564
1.5641
1.5642
1.5643
1.5644
1.5645
1.5646
1.5647
1.5648
1.5649
1.565
1.5651
1.5652
1.5653
1.5654
1.5655
1.5656
1.5657
1.5658
1.5659
1.566
1.5661
1.5662
1.5663
1.5664
1.5665
1.5666
1.5667
1.5668
1.5669
1.567
1.5671
1.5672
1.5673
1.5674
1.5675
1.5676
1.5677
1.5678
1.5679
1.568
1.5681
1.5682
1.5683
1.5684
1.5685
1.5686
1.5687
1.5688
1.5689
1.569
1.5691
1.5692
1.5693
1.5694
1.5695
1.5696
1.5697
1.5698
1.5699
1.57
1.5701
1.5702
1.5703
1.5704
1.5705
1.5706
1.5707
1.5708
1.5709
1.5941
1.5942
1.5943
1.5944
1.5945
1.5946
1.5947
1.5948
1.5949
1.595
1.5951
1.5952
1.5953
1.5954
1.5955
1.5956
1.5957
1.5958
1.5959
1.596
1.5961
1.5962
1.5963
1.5964
1.5965
1.5966
1.5967
1.5968
1.5969
1.597
1.5971
1.5972
1.5973
1.5974
1.5975
1.5976
1.5977
1.5978
1.5979
1.598
1.5981
1.5982
1.599
1.5991
1.5993
1.6002
1.6009
1.6015
1.6054
1.6335
1.6621
1.6622
1.6629
1.663
1.6631
1.6632
1.6635
1.6638
1.6639
